Radcars v45-core verification Sun Sep 27 2026 00:26:04 GMT+0100 (British Summer Time)
URL http://localhost:4173/

SUMMARY
neon: finished=true playerPlace=1 playerTime=26.40s bestLap=8.32s  samples=63 moving=52 meanHeadingVsVel=0.1° maxHeadingVsVel=3.8°  finalAiLaps=3,3,3,3,3  standings=You>Echo>Razor>Nyx>Blaze>Volt  errors=0
gridlock: finished=true playerPlace=1 playerTime=27.72s bestLap=8.73s  samples=71 moving=55 meanHeadingVsVel=0.0° maxHeadingVsVel=0.8°  finalAiLaps=3,3,3,3,3  standings=You>Echo>Razor>Nyx>Blaze>Volt  errors=0
razor: finished=true playerPlace=1 playerTime=19.23s bestLap=5.88s  samples=46 moving=39 meanHeadingVsVel=1.2° maxHeadingVsVel=35.7°  finalAiLaps=3,3,3,3,3  standings=You>Echo>Razor>Nyx>Blaze>Volt  errors=0
cargo: finished=true playerPlace=1 playerTime=21.45s bestLap=6.60s  samples=59 moving=42 meanHeadingVsVel=3.2° maxHeadingVsVel=38.9°  finalAiLaps=3,3,3,3,3  standings=You>Echo>Nyx>Razor>Blaze>Volt  errors=0
fps (headless, 1280x720, race at speed): 60.1
console errors/warnings total: 0 []

MOVEMENT LOG (player every 0.5s; heading & velAngle in degrees; diff = velocity angle minus heading; speed wu/s)
=== neon ===
wall_s  race_ms   x      y      speed  heading  velAngle  diff   lap  dist   ai_laps
  4.0     217   1922    599    134    356.1     -3.9     0.0  0    -364  0,0,0,0,0  | HUD 1/3 6/6 0:00.21
  4.5     717   2060    612    406      4.6      4.6     0.0  0    -236  0,0,0,0,0  | HUD 1/3 6/6 0:00.71
  5.0    1217   2317    633    608      4.6      4.6     0.0  0      15  0,0,0,0,0  | HUD 1/3 6/6 0:01.21
  5.5    1717   2666    698    803     13.1     13.1     0.0  0     374  0,0,0,0,0  | HUD 1/3 6/6 0:01.71
  6.0    2233   3112    814    973     16.8     16.8     0.0  0     835  0,0,0,0,0  | HUD 1/3 6/6 0:02.23
  6.5    2733   3566   1020    955     31.3     35.1     3.8  0    1340  0,0,0,0,0  | HUD 1/3 6/6 0:02.73
  7.0    3233   3902   1375   1000     62.0     62.2     0.1  0    1867  0,0,0,0,0  | HUD 1/3 6/6 0:03.23
  7.5    3733   3902   1857   1000    116.0    116.0     0.0  0    2508  0,0,0,0,0  | HUD 1/3 1/6 0:03.73
  8.0    4233   3567   2220   1000    144.9    144.9     0.0  0    3073  0,0,0,0,0  | HUD 1/3 1/6 0:04.23
  8.6    4750   3107   2452   1000    161.1    161.1     0.0  0    3603  0,0,0,0,0  | HUD 1/3 1/6 0:04.74
  9.1    5250   2619   2557   1000    171.9    171.9     0.0  0    4114  0,0,0,0,0  | HUD 1/3 1/6 0:05.24
  9.6    5750   2120   2579   1000    180.9   -179.1     0.0  0    4616  0,0,0,0,0  | HUD 1/3 1/6 0:05.74
 10.1    6250   1625   2513   1000    193.5   -166.5     0.0  0    5122  0,0,0,0,0  | HUD 1/3 1/6 0:06.24
 10.7    6883   1039   2279   1000    211.5   -148.5     0.0  0    5766  0,0,0,0,0  | HUD 1/3 1/6 0:06.88
 11.2    7383    697   1924   1000    242.1   -117.9     0.0  0    6296  0,0,0,0,0  | HUD 1/3 1/6 0:07.38
 11.7    7883    696   1442   1000    294.3    -65.7     0.0  0    6940  0,0,0,0,0  | HUD 1/3 1/6 0:07.88
 12.2    8383   1022   1071   1000    324.9    -35.1     0.0  0    7499  0,0,0,0,0  | HUD 1/3 1/6 0:08.38
 12.7    8883   1469    850   1000    337.5    -22.5     0.0  0    8024  0,0,0,0,0  | HUD 1/3 1/6 0:08.88
 13.2    9383   1948    708   1000    350.1     -9.9     0.0  0    8521  0,0,0,0,0  | HUD 1/3 1/6 0:09.38
 13.7    9900   2462    691   1000      8.1      8.1     0.0  1    9053  0,0,0,0,0  | HUD 2/3 1/6 0:09.89
 14.2   10400   2954    780   1000     13.4     13.4     0.0  1    9559  0,1,1,0,1  | HUD 2/3 1/6 0:10.39
 14.7   10900   3425    944   1000     26.1     26.1     0.0  1   10063  0,1,1,1,1  | HUD 2/3 1/6 0:10.89
 15.2   11400   3820   1244   1000     49.5     49.5     0.0  1   10581  1,1,1,1,1  | HUD 2/3 1/6 0:11.39
 15.7   11900   3959   1709   1000     98.1     98.1     0.0  1   11187  1,1,1,1,1  | HUD 2/3 1/6 0:11.89
 16.2   12416   3686   2135   1000    137.7    137.7     0.0  1   11803  1,1,1,1,1  | HUD 2/3 1/6 0:12.41
 16.7   12916   3261   2395   1000    157.4    157.4     0.0  1   12323  1,1,1,1,1  | HUD 2/3 1/6 0:12.91
 17.2   13416   2782   2533   1000    170.0    170.0     0.0  1   12833  1,1,1,1,1  | HUD 2/3 1/6 0:13.41
 17.7   13916   2284   2578   1000    177.2    177.2     0.0  1   13339  1,1,1,1,1  | HUD 2/3 1/6 0:13.91
 18.2   14416   1786   2548   1000    189.8   -170.2     0.0  1   13841  1,1,1,1,1  | HUD 2/3 1/6 0:14.41
 18.7   14933   1290   2405   1000    202.4   -157.6     0.0  1   14368  1,1,1,1,1  | HUD 2/3 1/6 0:14.93
 19.2   15433    865   2148   1000    222.3   -137.7     0.0  1   14878  1,1,1,1,1  | HUD 2/3 1/6 0:15.43
 19.7   15933    643   1716   1000    267.2    -92.8     0.0  1   15448  1,1,1,1,1  | HUD 2/3 1/6 0:15.93
 20.2   16433    810   1257   1000    308.7    -51.3     0.0  1   16073  1,1,1,1,1  | HUD 2/3 1/6 0:16.43
 20.9   17066   1329    905   1000    335.7    -24.3     0.0  1   16757  1,1,1,1,1  | HUD 2/3 1/6 0:17.06
 21.4   17566   1800    738   1000    346.5    -13.5     0.0  1   17255  1,1,1,1,1  | HUD 2/3 1/6 0:17.56
 21.9   18066   2295    680   1000      0.9      0.9     0.0  1   17766  1,1,1,1,1  | HUD 2/3 1/6 0:18.06
 22.4   18566   2790    742   1000      9.9      9.9     0.0  2   18279  1,1,1,1,1  | HUD 3/3 1/6 0:18.56
 22.9   19066   3271    876   1000     20.7     20.7     0.0  2   18780  1,1,2,1,1  | HUD 3/3 1/6 0:19.06
 23.4   19583   3717   1132   1000     40.5     40.5     0.0  2   19308  1,2,2,1,2  | HUD 3/3 1/6 0:19.58
 23.9   20083   3960   1556   1000     83.7     83.7     0.0  2   19867  1,2,2,2,2  | HUD 3/3 1/6 0:20.08
 24.4   20583   3796   2014   1000    130.5    130.5     0.0  2   20510  1,2,2,2,2  | HUD 3/3 1/6 0:20.58
 24.9   21083   3405   2321   1000    150.3    150.3     0.0  2   21044  2,2,2,2,2  | HUD 3/3 1/6 0:21.08
 25.4   21582   2940   2501   1000    166.5    166.5     0.0  2   21553  2,2,2,2,2  | HUD 3/3 1/6 0:21.58
 25.9   22099   2429   2570   1000    175.5    175.5     0.0  2   22080  2,2,2,2,2  | HUD 3/3 1/6 0:22.09
 26.4   22599   1929   2566   1000    186.3   -173.7     0.0  2   22581  2,2,2,2,2  | HUD 3/3 1/6 0:22.59
 26.9   23099   1442   2461   1000    197.1   -162.9     0.0  2   23090  2,2,2,2,2  | HUD 3/3 1/6 0:23.09
 27.4   23599    991   2248   1000    213.3   -146.7     0.0  2   23598  2,2,2,2,2  | HUD 3/3 1/6 0:23.59
 27.9   24099    673   1873   1000    249.4   -110.6     0.0  2   24133  2,2,2,2,2  | HUD 3/3 1/6 0:24.09
 28.4   24599    724   1391   1000    299.8    -60.2     0.0  2   24781  2,2,2,2,2  | HUD 3/3 1/6 0:24.59
 28.9   25116   1085   1030   1000    328.6    -31.4     0.0  2   25355  2,2,2,2,2  | HUD 3/3 1/6 0:25.11
 29.4   25616   1539    821   1000    341.2    -18.8     0.0  2   25871  2,2,2,2,2  | HUD 3/3 1/6 0:25.61
 29.9   26116   2022    696   1000    352.0     -8.0     0.0  2   26371  2,2,2,2,2  | HUD 3/3 1/6 0:26.11
 30.4   26616   2483    688    675      2.8      2.8     0.0  3   26847  2,2,2,2,2  | HUD 3/3 1/6 0:26.61
 30.9   27116   2629    695      0      2.8     92.8    90.0  3   26995  2,2,2,2,2  | HUD 3/3 1/6 0:27.11
 31.4   27632   2629    695      0      2.8     92.8    90.0  3   26995  2,2,3,2,2  | HUD 3/3 1/6 0:27.63
 31.9   28132   2629    695      0      2.8     92.8    90.0  3   26995  2,2,3,2,2  | HUD 3/3 1/6 0:28.13
 32.4   28632   2629    695      0      2.8     92.8    90.0  3   26995  2,3,3,2,2  | HUD 3/3 1/6 0:28.63
 32.9   29132   2629    695      0      2.8     92.8    90.0  3   26995  2,3,3,3,3  | HUD 3/3 1/6 0:29.13
 33.4   29632   2629    695      0      2.8     92.8    90.0  3   26995  2,3,3,3,3  | HUD 3/3 1/6 0:29.63
 34.0   30149   2629    695      0      2.8     92.8    90.0  3   26995  2,3,3,3,3  | HUD 3/3 1/6 0:30.14
 34.5   30649   2629    695      0      2.8     92.8    90.0  3   26995  2,3,3,3,3  | HUD 3/3 1/6 0:30.64
 35.0   30865   2629    695      0      2.8     92.8    90.0  3   26995  3,3,3,3,3  | HUD 3/3 1/6 0:30.86
 35.5   30865   2629    695      0      2.8     92.8    90.0  3   26995  3,3,3,3,3  | HUD 3/3 1/6 0:30.86
RESULT neon: finished=true playerPlace=1 playerTime=26.40s bestLap=8.32s  samples=63 moving=52 meanHeadingVsVel=0.1° maxHeadingVsVel=3.8°  finalAiLaps=3,3,3,3,3  standings=You>Echo>Razor>Nyx>Blaze>Volt  errors=0

=== gridlock ===
wall_s  race_ms   x      y      speed  heading  velAngle  diff   lap  dist   ai_laps
  4.0     217    938    371    134      9.7      9.7     0.0  0    -364  0,0,0,0,0  | HUD 1/3 6/6 0:00.21
  4.5     717   1073    406    406     11.3     11.3     0.0  0    -230  0,0,0,0,0  | HUD 1/3 6/6 0:00.71
  5.0    1217   1310    427    555      4.4      3.6    -0.8  0       7  0,0,0,0,0  | HUD 1/3 6/6 0:01.21
  5.5    1733   1654    422    765    357.9     -2.1    -0.0  0     354  0,0,0,0,0  | HUD 1/3 6/6 0:01.73
  6.0    2233   2081    428    936      3.7      3.7    -0.0  0     789  0,0,0,0,0  | HUD 1/3 6/6 0:02.23
  6.5    2733   2575    444   1000      0.1      0.1    -0.0  0    1282  0,0,0,0,0  | HUD 1/3 6/6 0:02.73
  7.0    3233   3072    478   1000     14.5     14.5    -0.0  0    1779  0,0,0,0,0  | HUD 1/3 6/6 0:03.23
  7.5    3733   3435    794   1000     65.1     65.3     0.2  0    2437  0,0,0,0,0  | HUD 1/3 1/6 0:03.73
  8.0    4233   3525   1284   1000     83.1     83.1     0.0  0    2939  0,0,0,0,0  | HUD 1/3 1/6 0:04.23
  8.5    4750   3532   1799   1000     99.3     99.3     0.0  0    3454  0,0,0,0,0  | HUD 1/3 1/6 0:04.74
  9.0    5250   3270   2207   1000    147.9    147.9     0.0  0    4099  0,0,0,0,0  | HUD 1/3 1/6 0:05.24
  9.6    5750   2786   2314   1000    174.9    174.9     0.0  0    4614  0,0,0,0,0  | HUD 1/3 1/6 0:05.74
 10.1    6250   2287   2341   1000    178.5    178.5     0.0  0    5114  0,0,0,0,0  | HUD 1/3 1/6 0:06.24
 10.7    6866   1671   2357   1000    178.5    178.5     0.0  0    5730  0,0,0,0,0  | HUD 1/3 1/6 0:06.86
 11.2    7383   1154   2359   1000    182.1   -177.9     0.0  0    6247  0,0,0,0,0  | HUD 1/3 1/6 0:07.38
 11.7    7883    692   2195   1000    221.7   -138.3     0.0  0    6771  0,0,0,0,0  | HUD 1/3 1/6 0:07.88
 12.2    8383    502   1746   1000    263.1    -96.9     0.0  0    7403  0,0,0,0,0  | HUD 1/3 1/6 0:08.38
 12.7    8883    458   1248   1000    266.7    -93.3     0.0  0    7901  0,0,0,0,0  | HUD 1/3 1/6 0:08.88
 13.2    9383    557    767   1000    302.7    -57.3     0.0  0    8400  0,0,0,0,0  | HUD 1/3 1/6 0:09.38
 13.7    9883    976    525   1000    349.5    -10.5     0.0  0    9073  0,0,0,0,0  | HUD 1/3 1/6 0:09.88
 14.2   10400   1489    459   1000    353.1     -6.9     0.0  1    9585  0,0,0,0,0  | HUD 2/3 1/6 0:10.39
 14.7   10900   1987    432   1000      0.3      0.3     0.0  1   10086  0,0,0,0,0  | HUD 2/3 1/6 0:10.89
 15.2   11400   2487    435   1000      0.3      0.3     0.0  1   10593  0,0,0,0,0  | HUD 2/3 1/6 0:11.39
 15.7   11900   2986    455   1000      9.3      9.3     0.0  1   11092  0,0,1,0,0  | HUD 2/3 1/6 0:11.89
 16.2   12400   3399    712   1000     56.1     56.1     0.0  1   11701  1,1,1,1,1  | HUD 2/3 1/6 0:12.39
 16.7   12916   3519   1210   1000     84.9     84.9     0.0  1   12263  1,1,1,1,1  | HUD 2/3 1/6 0:12.91
 17.2   13416   3543   1708   1000     93.9     93.9     0.0  1   12762  1,1,1,1,1  | HUD 2/3 1/6 0:13.41
 17.7   13916   3336   2146   1000    140.7    140.7     0.0  1   13349  1,1,1,1,1  | HUD 2/3 1/6 0:13.91
 18.2   14416   2866   2294   1000    171.3    171.3     0.0  1   13932  1,1,1,1,1  | HUD 2/3 1/6 0:14.41
 18.7   14916   2368   2336   1000    178.5    178.5     0.0  1   14432  1,1,1,1,1  | HUD 2/3 1/6 0:14.91
 19.2   15416   1868   2349   1000    178.5    178.5     0.0  1   14932  1,1,1,1,1  | HUD 2/3 1/6 0:15.41
 19.7   15933   1351   2361   1000    180.3   -179.7     0.0  1   15449  1,1,1,1,1  | HUD 2/3 1/6 0:15.93
 20.2   16433    859   2298   1000    201.9   -158.1     0.0  1   15942  1,1,1,1,1  | HUD 2/3 1/6 0:16.43
 20.9   17049    514   1826   1000    259.5   -100.5     0.0  1   16722  1,1,1,1,1  | HUD 2/3 1/6 0:17.04
 21.4   17549    462   1329   1000    266.7    -93.3     0.0  1   17219  1,1,1,1,1  | HUD 2/3 1/6 0:17.54
 21.9   18049    518    838   1000    295.5    -64.5     0.0  1   17713  1,1,1,1,1  | HUD 2/3 1/6 0:18.04
 22.4   18566    903    524   1000    347.7    -12.3     0.0  1   18399  1,1,1,1,1  | HUD 2/3 1/6 0:18.56
 22.9   19066   1399    459   1000    353.1     -6.9     0.0  2   18895  1,1,1,1,1  | HUD 3/3 1/6 0:19.06
 23.4   19566   1897    424   1000      0.3      0.3     0.0  2   19393  1,1,1,1,1  | HUD 3/3 1/6 0:19.56
 23.9   20066   2397    426   1000      0.3      0.3     0.0  2   19901  1,1,1,1,1  | HUD 3/3 1/6 0:20.06
 24.4   20566   2897    439   1000      5.7      5.7     0.0  2   20402  1,1,1,1,1  | HUD 3/3 1/6 0:20.56
 24.9   21066   3339    643   1000     48.8     48.8     0.0  2   20948  1,1,1,1,1  | HUD 3/3 1/6 0:21.06
 25.4   21583   3499   1126   1000     81.3     81.3     0.0  2   21580  1,1,1,1,1  | HUD 3/3 1/6 0:21.58
 25.9   22082   3543   1624   1000     88.5     88.5     0.0  2   22077  1,1,1,1,1  | HUD 3/3 1/6 0:22.08
 26.4   22582   3395   2088   1000    131.7    131.7     0.0  2   22603  1,1,2,1,1  | HUD 3/3 1/6 0:22.58
 26.9   23082   2946   2282   1000    171.2    171.2     0.0  2   23251  1,2,2,1,1  | HUD 3/3 1/6 0:23.08
 27.4   23582   2449   2334   1000    176.6    176.6     0.0  2   23750  2,2,2,2,2  | HUD 3/3 1/6 0:23.58
 27.9   24082   1949   2346   1000    180.2   -179.8     0.0  2   24250  2,2,2,2,2  | HUD 3/3 1/6 0:24.08
 28.4   24599   1433   2344   1000    180.2   -179.8     0.0  2   24767  2,2,2,2,2  | HUD 3/3 1/6 0:24.59
 28.9   25099    935   2317   1000    192.8   -167.2     0.0  2   25265  2,2,2,2,2  | HUD 3/3 1/6 0:25.09
 29.4   25599    570   2002   1000    246.8   -113.2     0.0  2   25931  2,2,2,2,2  | HUD 3/3 1/6 0:25.59
 29.9   26099    477   1512   1000    263.1    -96.9     0.0  2   26435  2,2,2,2,2  | HUD 3/3 1/6 0:26.09
 30.4   26599    467   1013   1000    277.4    -82.6     0.0  2   26934  2,2,2,2,2  | HUD 3/3 1/6 0:26.59
 30.9   27099    720    599   1000    326.0    -34.0     0.0  2   27573  2,2,2,2,2  | HUD 3/3 1/6 0:27.09
 31.4   27615   1218    485   1000    354.8     -5.2     0.0  2   28113  2,2,2,2,2  | HUD 3/3 1/6 0:27.61
 31.9   28116   1591    451    400    354.8     -5.2     0.0  3   28486  2,2,2,2,2  | HUD 3/3 1/6 0:28.11
 32.4   28615   1641    447      0    354.8    -95.2   -90.0  3   28536  2,2,2,2,2  | HUD 3/3 1/6 0:28.61
 32.9   29115   1641    447      0    354.8    -95.2   -90.0  3   28536  2,2,2,2,2  | HUD 3/3 1/6 0:29.11
 33.4   29615   1641    447      0    354.8    -95.2   -90.0  3   28536  2,2,2,2,2  | HUD 3/3 1/6 0:29.61
 33.9   30115   1641    447      0    354.8    -95.2   -90.0  3   28536  2,2,2,2,2  | HUD 3/3 1/6 0:30.11
 34.4   30632   1641    447      0    354.8    -95.2   -90.0  3   28536  2,2,2,2,2  | HUD 3/3 1/6 0:30.63
 34.9   31132   1641    447      0    354.8    -95.2   -90.0  3   28536  2,2,2,2,2  | HUD 3/3 1/6 0:31.13
 35.4   31632   1641    447      0    354.8    -95.2   -90.0  3   28536  2,2,2,2,2  | HUD 3/3 1/6 0:31.63
 35.9   32132   1641    447      0    354.8    -95.2   -90.0  3   28536  2,2,2,2,2  | HUD 3/3 1/6 0:32.13
 36.4   32632   1641    447      0    354.8    -95.3   -90.1  3   28536  2,2,2,2,2  | HUD 3/3 1/6 0:32.63
 36.9   33132   1641    447      0    354.8   -100.6   -95.5  3   28536  2,2,3,2,2  | HUD 3/3 1/6 0:33.13
 37.4   33649   1641    447      0    354.8   -172.9  -167.7  3   28536  2,2,3,2,2  | HUD 3/3 1/6 0:33.64
 37.9   34149   1641    447      0    354.8    175.1  -179.7  3   28536  2,3,3,2,3  | HUD 3/3 1/6 0:34.14
 38.5   34649   1641    447      0    354.8    174.8  -180.0  3   28536  2,3,3,3,3  | HUD 3/3 1/6 0:34.64
 39.0   35099   1641    447      0    354.8    174.8  -180.0  3   28536  3,3,3,3,3  | HUD 3/3 1/6 0:35.09
 39.5   35099   1641    447      0    354.8    174.8  -180.0  3   28536  3,3,3,3,3  | HUD 3/3 1/6 0:35.09
RESULT gridlock: finished=true playerPlace=1 playerTime=27.72s bestLap=8.73s  samples=71 moving=55 meanHeadingVsVel=0.0° maxHeadingVsVel=0.8°  finalAiLaps=3,3,3,3,3  standings=You>Echo>Razor>Nyx>Blaze>Volt  errors=0

=== razor ===
wall_s  race_ms   x      y      speed  heading  velAngle  diff   lap  dist   ai_laps
  4.0     217   1896   1583    134    182.6   -177.4     0.0  0    -364  0,0,0,0,0  | HUD 1/3 6/6 0:00.21
  4.5     717   1760   1556    406    186.3   -173.7     0.0  0    -235  0,0,0,0,0  | HUD 1/3 6/6 0:00.71
  5.0    1217   1507   1530    588    186.3   -174.0    -0.3  0      15  0,0,0,0,0  | HUD 1/3 6/6 0:01.21
  5.5    1733   1150   1488    793    190.3   -169.7    -0.0  0     376  0,0,0,0,0  | HUD 1/3 6/6 0:01.73
  6.0    2233    733   1352    959    207.5   -152.5    -0.0  0     821  0,0,0,0,0  | HUD 1/3 6/6 0:02.23
  6.5    2733    463    958    925    261.7    -98.3    -0.0  0    1519  0,0,0,0,0  | HUD 1/3 1/6 0:02.73
  7.0    3233    580    666    657    325.2    -34.8    -0.0  0    1839  0,0,0,0,0  | HUD 1/3 1/6 0:03.23
  7.5    3733    944    577    845    350.3     -9.7    -0.0  0    2209  0,0,0,0,0  | HUD 1/3 1/6 0:03.73
  8.0    4233   1407    537   1000    357.9     -2.1    -0.0  0    2676  0,0,0,0,0  | HUD 1/3 1/6 0:04.23
  8.5    4750   1921    572   1000     10.5     10.5    -0.0  0    3196  0,0,0,0,0  | HUD 1/3 1/6 0:04.74
  9.1    5250   2388    739   1000     35.7     35.7     0.0  0    3706  0,0,0,0,0  | HUD 1/3 1/6 0:05.24
  9.6    5750   2616   1136    729     91.3     87.8    -3.4  0    4377  0,0,0,0,0  | HUD 1/3 1/6 0:05.74
 10.1    6250   2453   1372    684    156.5    156.4    -0.1  0    4669  0,0,0,0,0  | HUD 1/3 1/6 0:06.24
 10.7    6883   1955   1475    911    174.7    174.7    -0.0  0    5176  0,0,0,0,0  | HUD 1/3 1/6 0:06.88
 11.2    7383   1468   1499   1000    181.9   -178.1    -0.0  1    5668  0,0,0,0,0  | HUD 2/3 1/6 0:07.38
 11.7    7883    973   1430   1000    194.5   -165.5    -0.0  1    6175  0,0,1,0,0  | HUD 2/3 1/6 0:07.88
 12.2    8383    550   1182   1000    232.3   -127.7    -0.0  1    6697  1,1,1,1,1  | HUD 2/3 1/6 0:08.38
 12.7    8883    467    794    500    290.9    -69.1    -0.0  1    7290  1,1,1,1,1  | HUD 2/3 1/6 0:08.88
 13.2    9400    722    627    720    345.9    -14.1    -0.0  1    7594  1,1,1,1,1  | HUD 2/3 1/6 0:09.39
 13.7    9900   1122    559    898    355.7     -4.3    -0.0  1    8001  1,1,1,1,1  | HUD 2/3 1/6 0:09.89
 14.2   10400   1606    540   1000      1.2      1.2     0.0  1    8487  1,1,1,1,1  | HUD 2/3 1/6 0:10.39
 14.7   10900   2099    615   1000     15.6     15.6     0.0  1    8995  1,1,1,1,1  | HUD 2/3 1/6 0:10.89
 15.2   11400   2519    867   1000     53.4     53.4     0.0  1    9519  1,1,1,1,1  | HUD 2/3 1/6 0:11.39
 15.7   11900   2595   1248    508    112.4    112.4     0.0  1   10097  1,1,1,1,1  | HUD 2/3 1/6 0:11.89
 16.2   12416   2334   1414    726    165.1    165.1     0.0  1   10406  1,1,1,1,1  | HUD 2/3 1/6 0:12.41
 16.7   12916   1930   1483    903    173.1    173.1     0.0  1   10815  1,1,1,1,1  | HUD 2/3 1/6 0:12.91
 17.2   13416   1445   1501   1000    184.0   -176.0     0.0  2   11303  1,1,1,1,1  | HUD 3/3 1/6 0:13.41
 17.7   13916    952   1425   1000    194.8   -165.2     0.0  2   11810  1,1,1,1,1  | HUD 3/3 1/6 0:13.91
 18.2   14416    541   1163   1000    236.2   -123.8     0.0  2   12328  1,1,2,1,1  | HUD 3/3 1/6 0:14.41
 18.7   14916    475    789    574    295.9    -64.7    -0.6  2   12913  1,2,2,1,2  | HUD 3/3 1/6 0:14.91
 19.2   15433    768    617    782    349.1    -10.9    -0.0  2   13254  2,2,2,2,2  | HUD 3/3 1/6 0:15.43
 19.7   15933   1198    552    949    356.7     -3.3    -0.0  2   13690  2,2,2,2,2  | HUD 3/3 1/6 0:15.93
 20.2   16433   1694    545   1000      3.9      3.9    -0.0  2   14189  2,2,2,2,2  | HUD 3/3 1/6 0:16.43
 20.9   17066   2307    692   1000     25.5     25.5    -0.0  2   14835  2,2,2,2,2  | HUD 3/3 1/6 0:17.06
 21.4   17566   2604   1065    891     80.0     75.2    -4.8  2   15527  2,2,2,2,2  | HUD 3/3 1/6 0:17.56
 21.9   18066   2504   1351    653    144.1    143.9    -0.2  2   15841  2,2,2,2,2  | HUD 3/3 1/6 0:18.06
 22.4   18566   2144   1452    842    171.2    171.2    -0.0  2   16211  2,2,2,2,2  | HUD 3/3 1/6 0:18.56
 22.9   19066   1684   1499   1000    176.8    176.8    -0.0  2   16677  2,2,2,2,2  | HUD 3/3 1/6 0:19.06
 23.4   19566   1272   1500    500    180.4   -179.6    -0.0  3   17090  2,2,2,2,2  | HUD 3/3 1/6 0:19.56
 23.9   20083   1192   1500      0    180.4     90.4   -90.0  3   17170  2,2,2,2,2  | HUD 3/3 1/6 0:20.08
 24.4   20583   1192   1500      0    180.4     90.4   -90.0  3   17170  2,2,3,2,2  | HUD 3/3 1/6 0:20.58
 24.9   21083   1192   1500      0    180.4     90.4   -90.0  3   17170  2,2,3,2,2  | HUD 3/3 1/6 0:21.08
 25.4   21582   1192   1500      0    180.4     90.4   -90.0  3   17170  2,3,3,2,2  | HUD 3/3 1/6 0:21.58
 25.9   22082   1189   1497    156    180.4   -143.9    35.7  3   17174  2,3,3,3,3  | HUD 3/3 1/6 0:22.08
 26.4   22416   1185   1488      6    180.4    -89.6    90.0  3   17179  3,3,3,3,3  | HUD 3/3 1/6 0:22.41
 26.9   22416   1185   1488      6    180.4    -89.6    90.0  3   17179  3,3,3,3,3  | HUD 3/3 1/6 0:22.41
RESULT razor: finished=true playerPlace=1 playerTime=19.23s bestLap=5.88s  samples=46 moving=39 meanHeadingVsVel=1.2° maxHeadingVsVel=35.7°  finalAiLaps=3,3,3,3,3  standings=You>Echo>Razor>Nyx>Blaze>Volt  errors=0

=== cargo ===
wall_s  race_ms   x      y      speed  heading  velAngle  diff   lap  dist   ai_laps
  4.0     217    639    181    134      5.8      5.8     0.0  0    -364  0,0,0,0,0  | HUD 1/3 6/6 0:00.21
  4.5     717    776    204    406      5.5      5.5     0.0  0    -230  0,0,0,0,0  | HUD 1/3 6/6 0:00.71
  5.0    1217   1018    210    563      0.9      0.2    -0.7  0      12  0,0,0,0,0  | HUD 1/3 6/6 0:01.21
  5.5    1733   1366    208    772    358.8     -1.2    -0.0  0     359  0,0,0,0,0  | HUD 1/3 6/6 0:01.73
  6.0    2233   1797    203    942      0.7      0.7    -0.0  0     791  0,0,0,0,0  | HUD 1/3 6/6 0:02.23
  6.5    2733   2263    338   1000     38.6     38.6    -0.0  0    1276  0,0,0,0,0  | HUD 1/3 6/6 0:02.73
  7.0    3233   2470    662    813     80.3     80.1    -0.2  0    1840  0,0,0,0,0  | HUD 1/3 1/6 0:03.23
  7.5    3733   2500   1108    976     99.0     99.0    -0.0  0    2286  0,0,0,0,0  | HUD 1/3 1/6 0:03.73
  8.0    4250   2265   1502    838    157.7    152.6    -5.1  0    2909  0,0,0,0,0  | HUD 1/3 1/6 0:04.24
  8.5    4750   1842   1454    908    214.9   -145.2    -0.1  0    3396  0,0,0,0,0  | HUD 1/3 1/6 0:04.74
  9.1    5250   1576   1075    712    224.7   -103.9    31.3  0    3854  0,0,0,0,0  | HUD 1/3 1/6 0:05.24
  9.6    5750   1265    929    804    188.6   -170.7     0.6  0    4339  0,0,0,0,0  | HUD 1/3 1/6 0:05.74
 10.1    6250    822    884    968    188.4   -171.6     0.0  0    4783  0,0,0,0,0  | HUD 1/3 1/6 0:06.24
 10.7    6866    385    565    820    258.5   -106.4    -4.9  0    5491  0,0,0,0,0  | HUD 1/3 1/6 0:06.86
 11.2    7366    479    288    646    323.2    -36.9    -0.1  0    5864  0,0,0,0,0  | HUD 1/3 1/6 0:07.36
 11.7    7883    854    224    842    358.7     -1.3    -0.0  0    6246  0,0,0,0,0  | HUD 1/3 1/6 0:07.88
 12.2    8383   1317    214   1000    358.7     -1.3    -0.0  1    6709  0,0,0,0,0  | HUD 2/3 1/6 0:08.38
 12.7    8883   1816    212   1000      2.3      2.3    -0.0  1    7210  0,0,0,0,0  | HUD 2/3 1/6 0:08.88
 13.2    9383   2284    357   1000     40.1     40.1    -0.0  1    7706  0,0,0,0,0  | HUD 2/3 1/6 0:09.38
 13.7    9883   2490    720    923     82.9     82.0    -0.9  1    8297  0,0,0,0,0  | HUD 2/3 1/6 0:09.88
 14.2   10383   2478   1206   1000    108.2    108.2    -0.0  1    8784  0,1,1,0,1  | HUD 2/3 1/6 0:10.38
 14.7   10900   2150   1551    921    165.3    163.8    -1.5  1    9436  1,1,1,1,1  | HUD 2/3 1/6 0:10.89
 15.2   11400   1816   1456    769    226.9   -133.1    -0.0  1    9807  1,1,1,1,1  | HUD 2/3 1/6 0:11.39
 15.7   11900   1589   1097    939    220.4   -139.6    -0.0  1   10205  1,1,1,1,1  | HUD 2/3 1/6 0:11.89
 16.2   12400   1323    932    722    190.3   -168.4     1.3  1   10681  1,1,1,1,1  | HUD 2/3 1/6 0:12.39
 16.7   12900    918    885    899    186.2   -173.8     0.0  1   11087  1,1,1,1,1  | HUD 2/3 1/6 0:12.89
 17.2   13400    488    703    839    230.3   -152.8   -23.1  1   11611  1,1,1,1,1  | HUD 2/3 1/6 0:13.39
 17.7   13899    387    392    524    292.8    -68.0    -0.8  1   12112  1,1,1,1,1  | HUD 2/3 1/6 0:13.89
 18.2   14416    656    234    740    357.7     -2.4    -0.0  1   12448  1,1,1,1,1  | HUD 2/3 1/6 0:14.41
 18.7   14916   1072    217    914    357.7     -2.3    -0.0  2   12864  1,1,1,1,1  | HUD 3/3 1/6 0:14.91
 19.2   15416   1560    202   1000      1.3      1.3    -0.0  2   13353  1,1,1,1,1  | HUD 3/3 1/6 0:15.41
 19.7   15916   2058    238   1000     13.9     13.9    -0.0  2   13853  1,1,1,1,1  | HUD 3/3 1/6 0:15.91
 20.2   16416   2437    508    887     67.7     61.8    -5.8  2   14473  1,1,1,1,1  | HUD 3/3 1/6 0:16.41
 20.8   17033   2503   1095   1000     97.3     97.2    -0.1  2   15072  1,1,1,1,1  | HUD 3/3 1/6 0:17.03
 21.3   17533   2287   1493    837    153.7    147.2    -6.5  2   15679  1,1,1,1,1  | HUD 3/3 1/6 0:17.53
 21.8   18049   1855   1470    882    213.1   -147.0    -0.1  2   16174  1,1,1,1,1  | HUD 3/3 1/6 0:18.04
 22.4   18549   1578   1092    818    225.1    -95.9    38.9  2   16623  1,1,1,1,1  | HUD 3/3 1/6 0:18.54
 22.9   19049   1264    926    828    187.5   -171.7     0.8  2   17139  1,1,2,1,1  | HUD 3/3 1/6 0:19.04
 23.4   19549    811    874    988    189.2   -170.8     0.0  2   17594  1,2,2,1,2  | HUD 3/3 1/6 0:19.54
 23.9   20049    415    638    810    245.3   -124.9   -10.1  2   18192  2,2,2,2,2  | HUD 3/3 1/6 0:20.04
 24.4   20566    421    330    502    311.7    -48.6    -0.3  2   18587  2,2,2,2,2  | HUD 3/3 1/6 0:20.56
 24.9   21066    707    249    715    358.1     -1.9    -0.0  2   18898  2,2,2,2,2  | HUD 3/3 1/6 0:21.06
 25.4   21566   1097    236    679    358.1     -1.9    -0.0  3   19288  2,2,2,2,2  | HUD 3/3 1/6 0:21.56
 25.9   22066   1245    231      0    358.1    -91.9   -90.0  3   19436  2,2,2,2,2  | HUD 3/3 1/6 0:22.06
 26.4   22566   1245    231      0    358.1    -91.9   -90.0  3   19436  2,2,2,2,2  | HUD 3/3 1/6 0:22.56
 26.9   23066   1245    231      0    358.1    -91.9   -90.0  3   19436  2,2,2,2,2  | HUD 3/3 1/6 0:23.06
 27.4   23582   1245    231      0    358.1    -91.9   -90.0  3   19436  2,2,2,2,2  | HUD 3/3 1/6 0:23.58
 27.9   24082   1245    231      0    358.1    -91.9   -90.0  3   19436  2,2,2,2,2  | HUD 3/3 1/6 0:24.08
 28.4   24582   1245    231      0    358.1    -91.9   -90.0  3   19436  2,2,2,2,2  | HUD 3/3 1/6 0:24.58
 28.9   25082   1245    231      0    358.1    -91.9   -90.0  3   19436  2,2,2,2,2  | HUD 3/3 1/6 0:25.08
 29.4   25582   1245    231      0    358.1    -91.9   -90.0  3   19436  2,2,2,2,2  | HUD 3/3 1/6 0:25.58
 29.9   26082   1245    231      0    358.1    -91.9   -90.0  3   19436  2,2,2,2,2  | HUD 3/3 1/6 0:26.08
 30.4   26599   1245    231      0    358.1    -92.2   -90.3  3   19436  2,2,2,2,2  | HUD 3/3 1/6 0:26.59
 30.9   27099   1245    231      0    358.1   -105.2  -103.3  3   19436  2,2,2,2,2  | HUD 3/3 1/6 0:27.09
 31.4   27599   1245    231      0    358.1   -176.2  -174.3  3   19436  2,2,2,2,2  | HUD 3/3 1/6 0:27.59
 31.9   28099   1245    231      0    358.1    178.3  -179.9  3   19436  2,2,3,2,2  | HUD 3/3 1/6 0:28.09
 32.4   28599   1245    228      1    358.1    -91.9   -90.0  3   19436  2,2,3,2,3  | HUD 3/3 1/6 0:28.59
 32.9   29099   1252    235      4    358.1     88.1    90.0  3   19443  2,3,3,2,3  | HUD 3/3 1/6 0:29.09
 33.4   29232   1252    235      2    358.1     88.1    90.0  3   19443  3,3,3,3,3  | HUD 3/3 1/6 0:29.23
RESULT cargo: finished=true playerPlace=1 playerTime=21.45s bestLap=6.60s  samples=59 moving=42 meanHeadingVsVel=3.2° maxHeadingVsVel=38.9°  finalAiLaps=3,3,3,3,3  standings=You>Echo>Nyx>Razor>Blaze>Volt  errors=0
