Radcars radcars-v46-long-aligned verification Sun Sep 27 2026 00:49:08 GMT+0100 (British Summer Time)
URL http://localhost:4173/

LAP LENGTHS (world units; before = commit 6731818 / v45-core, after = this build)
  neon      before=  8886  after= 19093  ratio=2.15×  halfW=270  bounds=7631×3769 (was 4134×2511)
  gridlock  before=  9399  after= 20451  ratio=2.18×  halfW=190  bounds=6651×4357 (was 3500×2340)
  razor     before=  5613  after= 16897  ratio=3.01×  halfW=175  bounds=4652×3350 (was 2762×1347)
  cargo     before=  6400  after= 18559  ratio=2.90×  halfW=160  bounds=5254×3720 (was 2569×1723)

GEOMETRY CHECK limits {"minRadiusOverHalfW":1.8,"maxHeadingStepDeg":6,"maxCurvatureStepDeg":0.6,"minWallGap":150}
  neon_loop      PASS  length=19093wu halfW=270 minRadius=523wu (1.94×halfW) maxHeadingStep=3.33°/30wu maxCurvatureStep=0.179° selfX=0 wallSelfX=0 wallCross=0 folds=0 minWallGap=760wu
  gridlock       PASS  length=20451wu halfW=190 minRadius=374wu (1.97×halfW) maxHeadingStep=4.74°/30wu maxCurvatureStep=0.571° selfX=0 wallSelfX=0 wallCross=0 folds=0 minWallGap=624wu
  razor_hairpin  PASS  length=16897wu halfW=175 minRadius=351wu (2.01×halfW) maxHeadingStep=5.03°/30wu maxCurvatureStep=0.249° selfX=0 wallSelfX=0 wallCross=0 folds=0 minWallGap=492wu
  cargo_dock     PASS  length=18559wu halfW=160 minRadius=302wu (1.89×halfW) maxHeadingStep=5.92°/30wu maxCurvatureStep=0.534° selfX=0 wallSelfX=0 wallCross=0 folds=0 minWallGap=533wu
  geometry+doubling overall: PASS

DRAWN-ORIENTATION CHECK (all cars, sampled every ~0.4s while racing; speed > 150 wu/s)
  neon      PASS  render-transform: carSamples=820 lengthAxis-vs-velocity mean=0.1° p95=0.7° max=6.4°  drawn length/width≥2.14  |  pixels: carSamples=166 bodyPrincipalAxis-vs-velocity mean=0.8° p95=1.9°  nose(headlights)-vs-velocity max=32.6° (>60°: 0)  body elongation≥1.63
  gridlock  PASS  render-transform: carSamples=903 lengthAxis-vs-velocity mean=0.2° p95=1.2° max=14.2°  drawn length/width≥2.14  |  pixels: carSamples=86 bodyPrincipalAxis-vs-velocity mean=0.7° p95=1.7°  nose(headlights)-vs-velocity max=6.9° (>60°: 0)  body elongation≥1.86
  razor     PASS  render-transform: carSamples=745 lengthAxis-vs-velocity mean=0.1° p95=0.5° max=7.0°  drawn length/width≥2.14  |  pixels: carSamples=172 bodyPrincipalAxis-vs-velocity mean=0.8° p95=2.0°  nose(headlights)-vs-velocity max=7.4° (>60°: 0)  body elongation≥1.82
  cargo     PASS  render-transform: carSamples=847 lengthAxis-vs-velocity mean=0.1° p95=0.8° max=8.6°  drawn length/width≥2.14  |  pixels: carSamples=68 bodyPrincipalAxis-vs-velocity mean=0.7° p95=2.0°  nose(headlights)-vs-velocity max=6.2° (>60°: 0)  body elongation≥1.99

RACES (through the menus, 3 laps, 5 AI Normal, player bot holds throttle + steers)
  neon      PASS  results=true playerPlace=P1 playerTime=56.68s bestLap=18.38s  playerLapsSeen=0→1→2→3  laps=3,3,3,3,3,3  allAIfinished=true  standings=You 56.7s > Nyx 58.0s > Echo 58.5s > Razor 60.0s > Blaze 60.4s > Volt 63.1s  AI best laps=20.7/19.6/18.8/19.7/18.7s  rAF≈59.9fps  errors=0  shots=overview,straight,corner
  gridlock  PASS  results=true playerPlace=P1 playerTime=58.90s bestLap=19.10s  playerLapsSeen=0→1→2→3  laps=3,3,3,3,3,3  allAIfinished=true  standings=You 58.9s > Nyx 65.1s > Blaze 66.7s > Razor 67.4s > Echo 67.6s > Volt 68.7s  AI best laps=22.5/22.0/22.0/21.8/21.1s  rAF≈59.9fps  errors=0  shots=overview,straight,corner
  razor     PASS  results=true playerPlace=P1 playerTime=50.68s bestLap=16.37s  playerLapsSeen=0→1→2→3  laps=3,3,3,3,3,3  allAIfinished=true  standings=You 50.7s > Echo 53.6s > Nyx 53.8s > Blaze 54.7s > Razor 55.5s > Volt 57.5s  AI best laps=18.7/18.0/17.4/17.7/17.4s  rAF≈59.9fps  errors=0  shots=overview,straight,corner
  cargo     PASS  results=true playerPlace=P1 playerTime=53.90s bestLap=17.43s  playerLapsSeen=0→1→2→3  laps=3,3,3,3,3,3  allAIfinished=true  standings=You 53.9s > Razor 62.6s > Nyx 62.7s > Echo 62.9s > Blaze 63.1s > Volt 65.1s  AI best laps=21.2/20.5/20.4/20.5/20.4s  rAF≈59.9fps  errors=0  shots=overview,straight,corner
  fps probe (headless, 1280x720, Neon at speed): 60.1
  console errors/warnings total: 0 []

OVERALL: PASS

PLAYER LOG
=== neon ===
t_race_s  lap  dist    speed  xformErr(player)  aiLaps
    0.3  0    -357    163     0.0°  0,0,0,0,0  HUD 1/3
    0.7  0    -236    398     0.0°  0,0,0,0,0  HUD 1/3
    1.1  0     -46    501     1.2°  0,0,0,0,0  HUD 1/3
    1.6  0     213    687     0.0°  0,0,0,0,0  HUD 1/3
    2.0  0     547    848     0.0°  0,0,0,0,0  HUD 1/3
    2.4  0     946    985     0.0°  0,0,0,0,0  HUD 1/3
    2.9  0    1380   1000     0.0°  0,0,0,0,0  HUD 1/3
    3.3  0    1813   1000     0.0°  0,0,0,0,0  HUD 1/3
    3.7  0    2247   1000     0.0°  0,0,0,0,0  HUD 1/3
    4.2  0    2680   1000     0.0°  0,0,0,0,0  HUD 1/3
    4.8  0    3318   1000     0.0°  0,0,0,0,0  HUD 1/3
    5.2  0    3760   1000     0.0°  0,0,0,0,0  HUD 1/3
    5.7  0    4211   1000     0.0°  0,0,0,0,0  HUD 1/3
    6.1  0    4670   1000     0.0°  0,0,0,0,0  HUD 1/3
    6.5  0    5130   1000     0.0°  0,0,0,0,0  HUD 1/3
    7.0  0    5595   1000     0.0°  0,0,0,0,0  HUD 1/3
    7.4  0    6056   1000     0.0°  0,0,0,0,0  HUD 1/3
    7.8  0    6517   1000     0.0°  0,0,0,0,0  HUD 1/3
    8.3  0    6982   1000     0.0°  0,0,0,0,0  HUD 1/3
    8.7  0    7447   1000     0.0°  0,0,0,0,0  HUD 1/3
    9.1  0    7900   1000     0.0°  0,0,0,0,0  HUD 1/3
    9.7  0    8490   1000     0.0°  0,0,0,0,0  HUD 1/3
   10.2  0    8939   1000     0.0°  0,0,0,0,0  HUD 1/3
   10.6  0    9380   1000     0.0°  0,0,0,0,0  HUD 1/3
   11.0  0    9892   1000     0.0°  0,0,0,0,0  HUD 1/3
   11.7  0   10636   1000     0.0°  0,0,0,0,0  HUD 1/3
   12.1  0   11065   1000     0.0°  0,0,0,0,0  HUD 1/3
   12.5  0   11499   1000     0.0°  0,0,0,0,0  HUD 1/3
   13.0  0   11944   1000     0.0°  0,0,0,0,0  HUD 1/3
   13.4  0   12393   1000     0.0°  0,0,0,0,0  HUD 1/3
   13.8  0   12843   1000     0.0°  0,0,0,0,0  HUD 1/3
   14.3  0   13295   1000     0.0°  0,0,0,0,0  HUD 1/3
   14.7  0   13753   1000     0.0°  0,0,0,0,0  HUD 1/3
   15.1  0   14211   1000     0.0°  0,0,0,0,0  HUD 1/3
   15.6  0   14669   1000     0.0°  0,0,0,0,0  HUD 1/3
   16.0  0   15116   1000     0.0°  0,0,0,0,0  HUD 1/3
   16.4  0   15556   1000     0.0°  0,0,0,0,0  HUD 1/3
   16.9  0   15997   1000     0.0°  0,0,0,0,0  HUD 1/3
   17.3  0   16445   1000     0.0°  0,0,0,0,0  HUD 1/3
   17.7  0   16921   1000     0.0°  0,0,0,0,0  HUD 1/3
   18.2  0   17371   1000     0.0°  0,0,0,0,0  HUD 1/3
   18.6  0   17807   1000     0.0°  0,0,0,0,0  HUD 1/3
   19.0  0   18240   1000     0.0°  0,0,0,0,0  HUD 1/3
   19.5  0   18674   1000     0.0°  0,0,0,0,0  HUD 1/3
   19.9  1   19107   1000     0.0°  0,0,0,0,0  HUD 2/3
   20.3  1   19540   1000     0.0°  0,0,0,0,0  HUD 2/3
   20.8  1   19974   1000     0.0°  0,1,0,0,1  HUD 2/3
   21.2  1   20407   1000     0.0°  0,1,1,1,1  HUD 2/3
   21.6  1   20840   1000     0.0°  0,1,1,1,1  HUD 2/3
   22.1  1   21273   1000     0.0°  1,1,1,1,1  HUD 2/3
   22.5  1   21707   1000     0.0°  1,1,1,1,1  HUD 2/3
   22.9  1   22142   1000     0.0°  1,1,1,1,1  HUD 2/3
   23.4  1   22580   1000     0.0°  1,1,1,1,1  HUD 2/3
   23.8  1   23024   1000     0.0°  1,1,1,1,1  HUD 2/3
   24.2  1   23480   1000     0.0°  1,1,1,1,1  HUD 2/3
   24.7  1   23940   1000     0.0°  1,1,1,1,1  HUD 2/3
   25.1  1   24401   1000     0.0°  1,1,1,1,1  HUD 2/3
   25.5  1   24863   1000     0.0°  1,1,1,1,1  HUD 2/3
   26.0  1   25324   1000     0.0°  1,1,1,1,1  HUD 2/3
   26.4  1   25785   1000     0.0°  1,1,1,1,1  HUD 2/3
   26.8  1   26253   1000     0.0°  1,1,1,1,1  HUD 2/3
   27.3  1   26713   1000     0.0°  1,1,1,1,1  HUD 2/3
   27.7  1   27162   1000     0.0°  1,1,1,1,1  HUD 2/3
   28.1  1   27599   1000     0.0°  1,1,1,1,1  HUD 2/3
   28.6  1   28031   1000     0.0°  1,1,1,1,1  HUD 2/3
   29.0  1   28475   1000     0.0°  1,1,1,1,1  HUD 2/3
   29.4  1   28989   1000     0.0°  1,1,1,1,1  HUD 2/3
   29.9  1   29522   1000     0.0°  1,1,1,1,1  HUD 2/3
   30.3  1   29968   1000     0.0°  1,1,1,1,1  HUD 2/3
   30.7  1   30396   1000     0.0°  1,1,1,1,1  HUD 2/3
   31.2  1   30838   1000     0.0°  1,1,1,1,1  HUD 2/3
   31.6  1   31286   1000     0.0°  1,1,1,1,1  HUD 2/3
   32.0  1   31737   1000     0.0°  1,1,1,1,1  HUD 2/3
   32.5  1   32188   1000     0.0°  1,1,1,1,1  HUD 2/3
   32.9  1   32643   1000     0.0°  1,1,1,1,1  HUD 2/3
   33.3  1   33100   1000     0.0°  1,1,1,1,1  HUD 2/3
   33.8  1   33559   1000     0.0°  1,1,1,1,1  HUD 2/3
   34.2  1   34012   1000     0.0°  1,1,1,1,1  HUD 2/3
   34.6  1   34454   1000     0.0°  1,1,1,1,1  HUD 2/3
   35.1  1   34895   1000     0.0°  1,1,1,1,1  HUD 2/3
   35.5  1   35339   1000     0.0°  1,1,1,1,1  HUD 2/3
   35.9  1   35802   1000     0.0°  1,1,1,1,1  HUD 2/3
   36.4  1   36267   1000     0.0°  1,1,1,1,1  HUD 2/3
   36.8  1   36705   1000     0.0°  1,1,1,1,1  HUD 2/3
   37.2  1   37139   1000     0.0°  1,1,1,1,1  HUD 2/3
   37.7  1   37573   1000     0.0°  1,1,1,1,1  HUD 2/3
   38.1  1   38006   1000     0.0°  1,1,1,1,1  HUD 2/3
   38.5  2   38439   1000     0.0°  1,1,1,1,1  HUD 3/3
   39.0  2   38872   1000     0.0°  1,1,1,1,1  HUD 3/3
   39.4  2   39306   1000     0.0°  1,1,1,1,2  HUD 3/3
   39.8  2   39739   1000     0.0°  1,1,2,1,2  HUD 3/3
   40.3  2   40172   1000     0.0°  1,1,2,1,2  HUD 3/3
   40.7  2   40606   1000     0.0°  1,2,2,2,2  HUD 3/3
   41.1  2   41040   1000     0.0°  1,2,2,2,2  HUD 3/3
   41.6  2   41476   1000     0.0°  1,2,2,2,2  HUD 3/3
   42.0  2   41918   1000     0.0°  1,2,2,2,2  HUD 3/3
   42.4  2   42368   1000     0.0°  2,2,2,2,2  HUD 3/3
   42.9  2   42826   1000     0.0°  2,2,2,2,2  HUD 3/3
   43.3  2   43286   1000     0.0°  2,2,2,2,2  HUD 3/3
   43.7  2   43749   1000     0.0°  2,2,2,2,2  HUD 3/3
   44.2  2   44210   1000     0.0°  2,2,2,2,2  HUD 3/3
   44.6  2   44669   1000     0.0°  2,2,2,2,2  HUD 3/3
   45.0  2   45135   1000     0.0°  2,2,2,2,2  HUD 3/3
   45.5  2   45598   1000     0.0°  2,2,2,2,2  HUD 3/3
   45.9  2   46052   1000     0.0°  2,2,2,2,2  HUD 3/3
   46.3  2   46493   1000     0.0°  2,2,2,2,2  HUD 3/3
   46.8  2   46927   1000     0.0°  2,2,2,2,2  HUD 3/3
   47.2  2   47360   1000     0.0°  2,2,2,2,2  HUD 3/3
   47.6  2   47829   1000     0.0°  2,2,2,2,2  HUD 3/3
   48.1  2   48377   1000     0.0°  2,2,2,2,2  HUD 3/3
   48.5  2   48856   1000     0.0°  2,2,2,2,2  HUD 3/3
   48.9  2   49285   1000     0.0°  2,2,2,2,2  HUD 3/3
   49.4  2   49721   1000     0.0°  2,2,2,2,2  HUD 3/3
   49.8  2   50166   1000     0.0°  2,2,2,2,2  HUD 3/3
   50.2  2   50617   1000     0.0°  2,2,2,2,2  HUD 3/3
   50.7  2   51067   1000     0.0°  2,2,2,2,2  HUD 3/3
   51.1  2   51520   1000     0.0°  2,2,2,2,2  HUD 3/3
   51.5  2   51978   1000     0.0°  2,2,2,2,2  HUD 3/3
   52.0  2   52436   1000     0.0°  2,2,2,2,2  HUD 3/3
   52.4  2   52893   1000     0.0°  2,2,2,2,2  HUD 3/3
   52.8  2   53339   1000     0.0°  2,2,2,2,2  HUD 3/3
   53.3  2   53780   1000     0.0°  2,2,2,2,2  HUD 3/3
   53.7  2   54222   1000     0.0°  2,2,2,2,2  HUD 3/3
   54.1  2   54673   1000     0.0°  2,2,2,2,2  HUD 3/3
   54.6  2   55148   1000     0.0°  2,2,2,2,2  HUD 3/3
   55.0  2   55594   1000     0.0°  2,2,2,2,2  HUD 3/3
   55.4  2   56029   1000     0.0°  2,2,2,2,2  HUD 3/3
   55.9  2   56463   1000     0.0°  2,2,2,2,2  HUD 3/3
   56.3  2   56896   1000     0.0°  2,2,2,2,2  HUD 3/3
   56.7  3   57327    925     0.0°  2,2,2,2,2  HUD 3/3
   57.2  3   57581    275     0.0°  2,2,2,2,2  HUD 3/3
   57.6  3   57604      0    90.0°  2,2,2,2,2  HUD 3/3
   58.0  3   57604      0    90.0°  2,2,2,2,3  HUD 3/3
   58.5  3   57612    172    28.1°  2,2,2,2,3  HUD 3/3
   58.9  3   57618      3    90.0°  2,2,3,2,3  HUD 3/3
   59.3  3   57618      0    90.0°  2,2,3,2,3  HUD 3/3
   59.8  3   57618      0    90.0°  2,2,3,2,3  HUD 3/3
   60.2  3   57618      0    90.0°  2,3,3,2,3  HUD 3/3
   60.6  3   57618      0    90.0°  2,3,3,3,3  HUD 3/3
   61.1  3   57618      0    90.0°  2,3,3,3,3  HUD 3/3
   61.5  3   57618      0    90.0°  2,3,3,3,3  HUD 3/3
   61.9  3   57618      0    90.0°  2,3,3,3,3  HUD 3/3
   62.4  3   57618      0    90.0°  2,3,3,3,3  HUD 3/3
   62.8  3   57618      0    90.0°  2,3,3,3,3  HUD 3/3
=== gridlock ===
t_race_s  lap  dist    speed  xformErr(player)  aiLaps
    0.2  0    -364    134     0.0°  0,0,0,0,0  HUD 1/3
    0.6  0    -255    373     0.0°  0,0,0,0,0  HUD 1/3
    1.1  0     -61    493     2.3°  0,0,0,0,0  HUD 1/3
    1.5  0     195    680     0.1°  0,0,0,0,0  HUD 1/3
    1.9  0     526    842     0.0°  0,0,0,0,0  HUD 1/3
    2.4  0     923    980     0.0°  0,0,0,0,0  HUD 1/3
    2.8  0    1356   1000     0.0°  0,0,0,0,0  HUD 1/3
    3.2  0    1789   1000     0.0°  0,0,0,0,0  HUD 1/3
    3.7  0    2222   1000     0.0°  0,0,0,0,0  HUD 1/3
    4.1  0    2655   1000     0.0°  0,0,0,0,0  HUD 1/3
    4.5  0    3107   1000     4.0°  0,0,0,0,0  HUD 1/3
    5.2  0    3769    991     3.8°  0,0,0,0,0  HUD 1/3
    5.6  0    4172    880    14.2°  0,0,0,0,0  HUD 1/3
    6.0  0    4574    942     2.8°  0,0,0,0,0  HUD 1/3
    6.5  0    5000   1000     0.2°  0,0,0,0,0  HUD 1/3
    6.9  0    5541   1000     0.0°  0,0,0,0,0  HUD 1/3
    7.3  0    5979   1000     0.0°  0,0,0,0,0  HUD 1/3
    8.0  0    6595   1000     0.0°  0,0,0,0,0  HUD 1/3
    8.4  0    7028   1000     0.0°  0,0,0,0,0  HUD 1/3
    8.8  0    7501   1000     0.0°  0,0,0,0,0  HUD 1/3
    9.3  0    8041   1000     0.0°  0,0,0,0,0  HUD 1/3
    9.9  0    8737   1000     0.0°  0,0,0,0,0  HUD 1/3
   10.3  0    9225   1000     0.0°  0,0,0,0,0  HUD 1/3
   10.7  0    9645   1000     0.0°  0,0,0,0,0  HUD 1/3
   11.2  0   10148   1000     0.0°  0,0,0,0,0  HUD 1/3
   11.6  0   10663   1000     0.0°  0,0,0,0,0  HUD 1/3
   12.0  0   11179   1000     0.0°  0,0,0,0,0  HUD 1/3
   12.5  0   11596   1000     0.0°  0,0,0,0,0  HUD 1/3
   12.9  0   12104   1000     0.0°  0,0,0,0,0  HUD 1/3
   13.3  0   12576   1000     0.0°  0,0,0,0,0  HUD 1/3
   13.8  0   13024   1000     0.0°  0,0,0,0,0  HUD 1/3
   14.2  0   13479   1000     0.0°  0,0,0,0,0  HUD 1/3
   14.6  0   13933   1000     0.0°  0,0,0,0,0  HUD 1/3
   15.1  0   14367   1000     0.0°  0,0,0,0,0  HUD 1/3
   15.5  0   14837   1000     0.0°  0,0,0,0,0  HUD 1/3
   15.9  0   15410   1000     0.0°  0,0,0,0,0  HUD 1/3
   16.4  0   15890   1000     0.0°  0,0,0,0,0  HUD 1/3
   16.8  0   16321   1000     0.0°  0,0,0,0,0  HUD 1/3
   17.2  0   16763   1000     0.0°  0,0,0,0,0  HUD 1/3
   17.7  0   17210   1000     0.0°  0,0,0,0,0  HUD 1/3
   18.1  0   17666   1000     0.0°  0,0,0,0,0  HUD 1/3
   18.5  0   18096   1000     0.0°  0,0,0,0,0  HUD 1/3
   19.0  0   18553   1000     0.0°  0,0,0,0,0  HUD 1/3
   19.4  0   19124   1000     0.0°  0,0,0,0,0  HUD 1/3
   19.8  0   19590   1000     0.0°  0,0,0,0,0  HUD 1/3
   20.3  0   20022   1000     0.0°  0,0,0,0,0  HUD 1/3
   20.7  1   20454   1000     0.0°  0,0,0,0,0  HUD 2/3
   21.1  1   20888   1000     0.0°  0,0,0,0,0  HUD 2/3
   21.6  1   21321   1000     0.0°  0,0,0,0,0  HUD 2/3
   22.0  1   21754   1000     0.0°  0,0,0,0,0  HUD 2/3
   22.4  1   22188   1000     0.0°  0,0,0,0,0  HUD 2/3
   22.9  1   22621   1000     0.0°  0,0,0,0,0  HUD 2/3
   23.3  1   23055   1000     0.0°  0,1,0,1,1  HUD 2/3
   23.7  1   23500   1000     0.0°  1,1,1,1,1  HUD 2/3
   24.2  1   24033   1000     0.0°  1,1,1,1,1  HUD 2/3
   24.6  1   24450   1000     0.0°  1,1,1,1,1  HUD 2/3
   25.0  1   24932   1000     0.0°  1,1,1,1,1  HUD 2/3
   25.5  1   25355   1000     0.0°  1,1,1,1,1  HUD 2/3
   25.9  1   25868   1000     0.0°  1,1,1,1,1  HUD 2/3
   26.3  1   26316   1000     0.0°  1,1,1,1,1  HUD 2/3
   26.8  1   26748   1000     0.0°  1,1,1,1,1  HUD 2/3
   27.2  1   27182   1000     0.0°  1,1,1,1,1  HUD 2/3
   27.6  1   27615   1000     0.0°  1,1,1,1,1  HUD 2/3
   28.1  1   28138   1000     0.0°  1,1,1,1,1  HUD 2/3
   28.5  1   28642   1000     0.0°  1,1,1,1,1  HUD 2/3
   28.9  1   29141   1000     0.0°  1,1,1,1,1  HUD 2/3
   29.4  1   29645   1000     0.0°  1,1,1,1,1  HUD 2/3
   29.8  1   30065   1000     0.0°  1,1,1,1,1  HUD 2/3
   30.2  1   30566   1000     0.0°  1,1,1,1,1  HUD 2/3
   30.7  1   31079   1000     0.0°  1,1,1,1,1  HUD 2/3
   31.1  1   31603   1000     0.0°  1,1,1,1,1  HUD 2/3
   31.5  1   32022   1000     0.0°  1,1,1,1,1  HUD 2/3
   32.0  1   32521   1000     0.0°  1,1,1,1,1  HUD 2/3
   32.4  1   32996   1000     0.0°  1,1,1,1,1  HUD 2/3
   32.8  1   33447   1000     0.0°  1,1,1,1,1  HUD 2/3
   33.3  1   33894   1000     0.0°  1,1,1,1,1  HUD 2/3
   33.7  1   34353   1000     0.0°  1,1,1,1,1  HUD 2/3
   34.1  1   34788   1000     0.0°  1,1,1,1,1  HUD 2/3
   34.6  1   35254   1000     0.0°  1,1,1,1,1  HUD 2/3
   35.0  1   35828   1000     0.0°  1,1,1,1,1  HUD 2/3
   35.4  1   36307   1000     0.0°  1,1,1,1,1  HUD 2/3
   35.9  1   36741   1000     0.0°  1,1,1,1,1  HUD 2/3
   36.3  1   37182   1000     0.0°  1,1,1,1,1  HUD 2/3
   36.7  1   37629   1000     0.0°  1,1,1,1,1  HUD 2/3
   37.2  1   38086   1000     0.0°  1,1,1,1,1  HUD 2/3
   37.6  1   38516   1000     0.0°  1,1,1,1,1  HUD 2/3
   38.0  1   38971   1000     0.0°  1,1,1,1,1  HUD 2/3
   38.5  1   39538   1000     0.0°  1,1,1,1,1  HUD 2/3
   38.9  1   40010   1000     0.0°  1,1,1,1,1  HUD 2/3
   39.3  1   40442   1000     0.0°  1,1,1,1,1  HUD 2/3
   39.8  1   40875   1000     0.0°  1,1,1,1,1  HUD 2/3
   40.2  2   41308   1000     0.0°  1,1,1,1,1  HUD 3/3
   40.6  2   41741   1000     0.0°  1,1,1,1,1  HUD 3/3
   41.1  2   42174   1000     0.0°  1,1,1,1,1  HUD 3/3
   41.5  2   42608   1000     0.0°  1,1,1,1,1  HUD 3/3
   41.9  2   43041   1000     0.0°  1,1,1,1,1  HUD 3/3
   42.4  2   43474   1000     0.0°  1,1,1,1,1  HUD 3/3
   42.8  2   43913   1000     0.0°  1,1,1,1,1  HUD 3/3
   43.2  2   44444   1000     0.0°  1,1,1,1,1  HUD 3/3
   43.7  2   44864   1000     0.0°  1,1,1,1,1  HUD 3/3
   44.1  2   45345   1000     0.0°  1,1,1,1,2  HUD 3/3
   44.5  2   45771   1000     0.0°  1,1,1,1,2  HUD 3/3
   45.0  2   46278   1000     0.0°  1,1,1,2,2  HUD 3/3
   45.4  2   46730   1000     0.0°  1,2,1,2,2  HUD 3/3
   45.8  2   47162   1000     0.0°  1,2,2,2,2  HUD 3/3
   46.3  2   47595   1000     0.0°  2,2,2,2,2  HUD 3/3
   46.7  2   48028   1000     0.0°  2,2,2,2,2  HUD 3/3
   47.1  2   48533   1000     0.0°  2,2,2,2,2  HUD 3/3
   47.6  2   49048   1000     0.0°  2,2,2,2,2  HUD 3/3
   48.0  2   49548   1000     0.0°  2,2,2,2,2  HUD 3/3
   48.4  2   50057   1000     0.0°  2,2,2,2,2  HUD 3/3
   48.9  2   50476   1000     0.0°  2,2,2,2,2  HUD 3/3
   49.3  2   50971   1000     0.0°  2,2,2,2,2  HUD 3/3
   49.7  2   51479   1000     0.0°  2,2,2,2,2  HUD 3/3
   50.2  2   52017   1000     0.0°  2,2,2,2,2  HUD 3/3
   50.6  2   52437   1000     0.0°  2,2,2,2,2  HUD 3/3
   51.0  2   52932   1000     0.0°  2,2,2,2,2  HUD 3/3
   51.5  2   53408   1000     0.0°  2,2,2,2,2  HUD 3/3
   51.9  2   53862   1000     0.0°  2,2,2,2,2  HUD 3/3
   52.3  2   54299   1000     0.0°  2,2,2,2,2  HUD 3/3
   52.8  2   54769   1000     0.0°  2,2,2,2,2  HUD 3/3
   53.2  2   55201   1000     0.0°  2,2,2,2,2  HUD 3/3
   53.6  2   55664   1000     0.0°  2,2,2,2,2  HUD 3/3
   54.1  2   56241   1000     0.0°  2,2,2,2,2  HUD 3/3
   54.5  2   56723   1000     0.0°  2,2,2,2,2  HUD 3/3
   54.9  2   57159   1000     0.0°  2,2,2,2,2  HUD 3/3
   55.4  2   57599   1000     0.0°  2,2,2,2,2  HUD 3/3
   55.8  2   58045   1000     0.0°  2,2,2,2,2  HUD 3/3
   56.2  2   58504   1000     0.0°  2,2,2,2,2  HUD 3/3
   56.7  2   58933   1000     0.0°  2,2,2,2,2  HUD 3/3
   57.1  2   59386   1000     0.0°  2,2,2,2,2  HUD 3/3
   57.5  2   59949   1000     0.0°  2,2,2,2,2  HUD 3/3
   58.0  2   60428   1000     0.0°  2,2,2,2,2  HUD 3/3
   58.4  2   60861   1000     0.0°  2,2,2,2,2  HUD 3/3
   58.8  2   61293   1000     0.0°  2,2,2,2,2  HUD 3/3
   59.3  3   61621    450     0.0°  2,2,2,2,2  HUD 3/3
   59.7  3   61685      0    90.0°  2,2,2,2,2  HUD 3/3
   60.1  3   61685      0    90.0°  2,2,2,2,2  HUD 3/3
   60.6  3   61685      0    90.0°  2,2,2,2,2  HUD 3/3
   61.0  3   61685      0    90.0°  2,2,2,2,2  HUD 3/3
   61.4  3   61685      0    90.0°  2,2,2,2,2  HUD 3/3
   61.9  3   61685      0    90.0°  2,2,2,2,2  HUD 3/3
   62.3  3   61685      0    90.0°  2,2,2,2,2  HUD 3/3
   62.7  3   61685      0    90.0°  2,2,2,2,2  HUD 3/3
   63.2  3   61685      0    90.0°  2,2,2,2,2  HUD 3/3
   63.6  3   61685      0    90.0°  2,2,2,2,2  HUD 3/3
   64.0  3   61685      0    90.2°  2,2,2,2,2  HUD 3/3
   64.5  3   61685      0    95.9°  2,2,2,2,2  HUD 3/3
   64.9  3   61685      0   159.3°  2,2,2,2,2  HUD 3/3
   65.3  3   61685      0   179.2°  2,2,2,2,3  HUD 3/3
   65.8  3   61702      9    90.0°  2,2,2,2,3  HUD 3/3
   66.2  3   61702      0    90.0°  2,2,2,2,3  HUD 3/3
   66.6  3   61702      0    90.0°  2,2,2,2,3  HUD 3/3
   67.1  3   61702      0    90.0°  2,2,2,3,3  HUD 3/3
   67.5  3   61702      0    90.0°  2,3,2,3,3  HUD 3/3
   67.9  3   61702      9    90.0°  2,3,3,3,3  HUD 3/3
   68.4  3   61702      0    90.0°  2,3,3,3,3  HUD 3/3
=== razor ===
t_race_s  lap  dist    speed  xformErr(player)  aiLaps
    0.2  0    -364    134     0.0°  0,0,0,0,0  HUD 1/3
    0.6  0    -255    373     0.0°  0,0,0,0,0  HUD 1/3
    1.1  0     -60    505     1.9°  0,0,0,0,0  HUD 1/3
    1.5  0     201    691     0.1°  0,0,0,0,0  HUD 1/3
    1.9  0     537    851     0.0°  0,0,0,0,0  HUD 1/3
    2.4  0     937    988     0.0°  0,0,0,0,0  HUD 1/3
    2.8  0    1370   1000     0.0°  0,0,0,0,0  HUD 1/3
    3.2  0    1809   1000     0.0°  0,0,0,0,0  HUD 1/3
    3.7  0    2360    960     4.8°  0,0,0,0,0  HUD 1/3
    4.1  0    2836    817     0.2°  0,0,0,0,0  HUD 1/3
    4.7  0    3391   1000     0.0°  0,0,0,0,0  HUD 1/3
    5.2  0    3822   1000     0.0°  0,0,0,0,0  HUD 1/3
    5.8  0    4422   1000     0.0°  0,0,0,0,0  HUD 1/3
    6.2  0    4906   1000     0.0°  0,0,0,0,0  HUD 1/3
    6.7  0    5510    950     0.0°  0,0,0,0,0  HUD 1/3
    7.1  0    5871    885     0.0°  0,0,0,0,0  HUD 1/3
    7.5  0    6266   1000     0.0°  0,0,0,0,0  HUD 1/3
    8.0  0    6696   1000     0.0°  0,0,0,0,0  HUD 1/3
    8.4  0    7130   1000     0.0°  0,0,0,0,0  HUD 1/3
    8.8  0    7569   1000     0.0°  0,0,0,0,0  HUD 1/3
    9.3  0    8119   1000     0.0°  0,0,0,0,0  HUD 1/3
    9.9  0    8748    897     0.0°  0,0,0,0,0  HUD 1/3
   10.3  0    9143   1000     0.0°  0,0,0,0,0  HUD 1/3
   10.7  0    9572   1000     0.0°  0,0,0,0,0  HUD 1/3
   11.2  0   10005   1000     0.0°  0,0,0,0,0  HUD 1/3
   11.6  0   10439   1000     0.0°  0,0,0,0,0  HUD 1/3
   12.0  0   10872   1000     0.0°  0,0,0,0,0  HUD 1/3
   12.5  0   11306   1000     0.0°  0,0,0,0,0  HUD 1/3
   12.9  0   11742   1000     0.0°  0,0,0,0,0  HUD 1/3
   13.3  0   12186   1000     0.0°  0,0,0,0,0  HUD 1/3
   13.8  0   12645   1000     0.0°  0,0,0,0,0  HUD 1/3
   14.2  0   13136   1000     0.0°  0,0,0,0,0  HUD 1/3
   14.6  0   13584   1000     0.0°  0,0,0,0,0  HUD 1/3
   15.1  0   14014   1000     0.0°  0,0,0,0,0  HUD 1/3
   15.5  0   14457   1000     0.0°  0,0,0,0,0  HUD 1/3
   15.9  0   14932   1000     0.0°  0,0,0,0,0  HUD 1/3
   16.4  0   15407   1000     0.0°  0,0,0,0,0  HUD 1/3
   16.8  0   15858   1000     0.0°  0,0,0,0,0  HUD 1/3
   17.2  0   16294   1000     0.0°  0,0,0,0,0  HUD 1/3
   17.7  0   16727   1000     0.0°  0,0,0,0,0  HUD 1/3
   18.1  1   17160   1000     0.0°  0,0,0,0,0  HUD 2/3
   18.5  1   17593   1000     0.0°  0,0,0,0,0  HUD 2/3
   19.0  1   18027   1000     0.0°  0,0,1,0,1  HUD 2/3
   19.4  1   18462   1000     0.0°  0,0,1,1,1  HUD 2/3
   19.8  1   18931   1000     0.0°  0,1,1,1,1  HUD 2/3
   20.3  1   19534    950     0.0°  1,1,1,1,1  HUD 2/3
   20.7  1   19892    885     0.0°  1,1,1,1,1  HUD 2/3
   21.1  1   20285   1000     0.0°  1,1,1,1,1  HUD 2/3
   21.6  1   20716   1000     0.0°  1,1,1,1,1  HUD 2/3
   22.0  1   21149   1000     0.0°  1,1,1,1,1  HUD 2/3
   22.4  1   21589   1000     0.0°  1,1,1,1,1  HUD 2/3
   22.9  1   22157   1000     0.0°  1,1,1,1,1  HUD 2/3
   23.3  1   22638    811     0.0°  1,1,1,1,1  HUD 2/3
   23.7  1   23002    954     0.0°  1,1,1,1,1  HUD 2/3
   24.2  1   23426   1000     0.0°  1,1,1,1,1  HUD 2/3
   24.6  1   23859   1000     0.0°  1,1,1,1,1  HUD 2/3
   25.0  1   24293   1000     0.0°  1,1,1,1,1  HUD 2/3
   25.5  1   24780   1000     0.0°  1,1,1,1,1  HUD 2/3
   25.9  1   25384    900     0.0°  1,1,1,1,1  HUD 2/3
   26.3  1   25733    896     0.0°  1,1,1,1,1  HUD 2/3
   26.8  1   26135   1000     0.0°  1,1,1,1,1  HUD 2/3
   27.2  1   26567   1000     0.0°  1,1,1,1,1  HUD 2/3
   27.6  1   27000   1000     0.0°  1,1,1,1,1  HUD 2/3
   28.1  1   27434   1000     0.0°  1,1,1,1,1  HUD 2/3
   28.5  1   27867   1000     0.0°  1,1,1,1,1  HUD 2/3
   28.9  1   28300   1000     0.0°  1,1,1,1,1  HUD 2/3
   29.4  1   28736   1000     0.0°  1,1,1,1,1  HUD 2/3
   29.8  1   29183   1000     0.0°  1,1,1,1,1  HUD 2/3
   30.2  1   29644   1000     0.0°  1,1,1,1,1  HUD 2/3
   30.7  1   30140   1000     0.0°  1,1,1,1,1  HUD 2/3
   31.1  1   30574   1000     0.0°  1,1,1,1,1  HUD 2/3
   31.5  1   31005   1000     0.0°  1,1,1,1,1  HUD 2/3
   32.0  1   31462   1000     0.0°  1,1,1,1,1  HUD 2/3
   32.4  1   31937   1000     0.0°  1,1,1,1,1  HUD 2/3
   32.8  1   32407   1000     0.0°  1,1,1,1,1  HUD 2/3
   33.3  1   32853   1000     0.0°  1,1,1,1,1  HUD 2/3
   33.7  1   33288   1000     0.0°  1,1,1,1,1  HUD 2/3
   34.1  1   33721   1000     0.0°  1,1,1,1,1  HUD 2/3
   34.6  2   34154   1000     0.0°  1,1,1,1,1  HUD 3/3
   35.0  2   34587   1000     0.0°  1,1,1,1,1  HUD 3/3
   35.4  2   35020   1000     0.0°  1,1,1,1,1  HUD 3/3
   35.9  2   35454   1000     0.0°  1,1,1,1,1  HUD 3/3
   36.3  2   35949   1000     0.0°  1,1,2,1,1  HUD 3/3
   36.7  2   36504    775     0.0°  1,1,2,1,2  HUD 3/3
   37.2  2   36854    923     0.0°  1,1,2,2,2  HUD 3/3
   37.6  2   37262   1000     0.0°  1,2,2,2,2  HUD 3/3
   38.0  2   37694   1000     0.0°  1,2,2,2,2  HUD 3/3
   38.5  2   38127   1000     0.0°  1,2,2,2,2  HUD 3/3
   38.9  2   38575   1000     0.0°  2,2,2,2,2  HUD 3/3
   39.3  2   39159   1000     0.0°  2,2,2,2,2  HUD 3/3
   39.8  2   39552    794     0.0°  2,2,2,2,2  HUD 3/3
   40.2  2   39910    939     0.0°  2,2,2,2,2  HUD 3/3
   40.6  2   40334   1000     0.0°  2,2,2,2,2  HUD 3/3
   41.1  2   40768   1000     0.0°  2,2,2,2,2  HUD 3/3
   41.5  2   41202   1000     0.0°  2,2,2,2,2  HUD 3/3
   41.9  2   41697   1000     0.0°  2,2,2,2,2  HUD 3/3
   42.4  2   42271    825     0.0°  2,2,2,2,2  HUD 3/3
   42.8  2   42620    912     0.0°  2,2,2,2,2  HUD 3/3
   43.2  2   43027   1000     0.0°  2,2,2,2,2  HUD 3/3
   43.7  2   43459   1000     0.0°  2,2,2,2,2  HUD 3/3
   44.1  2   43892   1000     0.0°  2,2,2,2,2  HUD 3/3
   44.5  2   44325   1000     0.0°  2,2,2,2,2  HUD 3/3
   45.0  2   44758   1000     0.0°  2,2,2,2,2  HUD 3/3
   45.4  2   45191   1000     0.0°  2,2,2,2,2  HUD 3/3
   45.8  2   45627   1000     0.0°  2,2,2,2,2  HUD 3/3
   46.3  2   46073   1000     0.0°  2,2,2,2,2  HUD 3/3
   46.7  2   46534   1000     0.0°  2,2,2,2,2  HUD 3/3
   47.1  2   47027   1000     0.0°  2,2,2,2,2  HUD 3/3
   47.6  2   47464   1000     0.0°  2,2,2,2,2  HUD 3/3
   48.0  2   47895   1000     0.0°  2,2,2,2,2  HUD 3/3
   48.4  2   48348   1000     0.0°  2,2,2,2,2  HUD 3/3
   48.9  2   48823   1000     0.0°  2,2,2,2,2  HUD 3/3
   49.3  2   49296   1000     0.0°  2,2,2,2,2  HUD 3/3
   49.7  2   49742   1000     0.0°  2,2,2,2,2  HUD 3/3
   50.2  2   50176   1000     0.0°  2,2,2,2,2  HUD 3/3
   50.6  2   50610   1000     0.0°  2,2,2,2,2  HUD 3/3
   51.0  3   50947    475     0.0°  2,2,2,2,2  HUD 3/3
   51.5  3   51018      0    90.0°  2,2,2,2,2  HUD 3/3
   51.9  3   51018      0    90.0°  2,2,2,2,2  HUD 3/3
   52.3  3   51018      0    90.0°  2,2,2,2,2  HUD 3/3
   52.8  3   51018      0    90.0°  2,2,2,2,2  HUD 3/3
   53.2  3   51018      0    90.0°  2,2,2,2,2  HUD 3/3
   53.6  3   51018      0    90.0°  2,2,3,2,2  HUD 3/3
   54.1  3   51018      0    90.0°  2,2,3,2,3  HUD 3/3
   54.5  3   51041      4    90.0°  2,2,3,2,3  HUD 3/3
   54.9  3   51041      0    90.0°  2,2,3,3,3  HUD 3/3
   55.4  3   51041      0    90.0°  2,2,3,3,3  HUD 3/3
   55.8  3   51041      0    90.0°  2,3,3,3,3  HUD 3/3
   56.2  3   51042      5    90.0°  2,3,3,3,3  HUD 3/3
   56.7  3   51042      0    90.0°  2,3,3,3,3  HUD 3/3
   57.1  3   51042      0    90.0°  2,3,3,3,3  HUD 3/3
=== cargo ===
t_race_s  lap  dist    speed  xformErr(player)  aiLaps
    0.2  0    -364    134     0.0°  0,0,0,0,0  HUD 1/3
    0.7  0    -254    373     0.0°  0,0,0,0,0  HUD 1/3
    1.1  0     -59    508     1.5°  0,0,0,0,0  HUD 1/3
    1.5  0     204    694     0.0°  0,0,0,0,0  HUD 1/3
    1.9  0     541    853     0.0°  0,0,0,0,0  HUD 1/3
    2.4  0     942    990     0.0°  0,0,0,0,0  HUD 1/3
    2.8  0    1376   1000     0.0°  0,0,0,0,0  HUD 1/3
    3.3  0    1809   1000     0.0°  0,0,0,0,0  HUD 1/3
    3.7  0    2242   1000     0.0°  0,0,0,0,0  HUD 1/3
    4.1  0    2677   1000     0.0°  0,0,0,0,0  HUD 1/3
    4.5  0    3119   1000     0.0°  0,0,0,0,0  HUD 1/3
    5.0  0    3608   1000     0.0°  0,0,0,0,0  HUD 1/3
    5.6  0    4394    852     1.0°  0,0,0,0,0  HUD 1/3
    6.0  0    4830    989     0.0°  0,0,0,0,0  HUD 1/3
    6.5  0    5263   1000     0.0°  0,0,0,0,0  HUD 1/3
    7.1  0    5899   1000     0.0°  0,0,0,0,0  HUD 1/3
    7.5  0    6486   1000     0.0°  0,0,0,0,0  HUD 1/3
    8.0  0    6914    911     0.0°  0,0,0,0,0  HUD 1/3
    8.4  0    7310   1000     0.0°  0,0,0,0,0  HUD 1/3
    8.8  0    7739   1000     0.0°  0,0,0,0,0  HUD 1/3
    9.3  0    8181   1000     0.0°  0,0,0,0,0  HUD 1/3
    9.9  0    8950   1000     0.0°  0,0,0,0,0  HUD 1/3
   10.3  0    9470   1000     0.0°  0,0,0,0,0  HUD 1/3
   10.7  0    9894   1000     0.0°  0,0,0,0,0  HUD 1/3
   11.2  0   10327   1000     0.0°  0,0,0,0,0  HUD 1/3
   11.6  0   10759   1000     0.0°  0,0,0,0,0  HUD 1/3
   12.0  0   11201   1000     0.0°  0,0,0,0,0  HUD 1/3
   12.5  0   11637   1000     0.0°  0,0,0,0,0  HUD 1/3
   12.9  0   12101   1000     0.0°  0,0,0,0,0  HUD 1/3
   13.3  0   12536   1000     0.0°  0,0,0,0,0  HUD 1/3
   13.8  0   12975   1000     0.0°  0,0,0,0,0  HUD 1/3
   14.2  0   13410   1000     0.0°  0,0,0,0,0  HUD 1/3
   14.6  0   13846   1000     0.0°  0,0,0,0,0  HUD 1/3
   15.1  0   14416   1000     0.0°  0,0,0,0,0  HUD 1/3
   15.5  0   14885   1000     0.0°  0,0,0,0,0  HUD 1/3
   15.9  0   15338   1000     0.0°  0,0,0,0,0  HUD 1/3
   16.4  0   15762   1000     0.0°  0,0,0,0,0  HUD 1/3
   16.8  0   16245   1000     0.0°  0,0,0,0,0  HUD 1/3
   17.2  0   16673   1000     0.0°  0,0,0,0,0  HUD 1/3
   17.7  0   17129   1000     0.0°  0,0,0,0,0  HUD 1/3
   18.1  0   17704   1000     0.0°  0,0,0,0,0  HUD 1/3
   18.5  0   18151   1000     0.0°  0,0,0,0,0  HUD 1/3
   19.0  1   18583   1000     0.0°  0,0,0,0,0  HUD 2/3
   19.4  1   19016   1000     0.0°  0,0,0,0,0  HUD 2/3
   19.8  1   19450   1000     0.0°  0,0,0,0,0  HUD 2/3
   20.3  1   19883   1000     0.0°  0,0,0,0,0  HUD 2/3
   20.7  1   20316   1000     0.0°  0,0,0,0,0  HUD 2/3
   21.1  1   20749   1000     0.0°  0,0,0,0,0  HUD 2/3
   21.6  1   21183   1000     0.0°  0,0,0,0,0  HUD 2/3
   22.0  1   21623   1000     0.0°  0,1,1,0,1  HUD 2/3
   22.4  1   22105   1000     0.0°  0,1,1,1,1  HUD 2/3
   22.9  1   22617    935     6.9°  1,1,1,1,1  HUD 2/3
   23.3  1   23138    911     0.3°  1,1,1,1,1  HUD 2/3
   23.7  1   23569   1000     0.0°  1,1,1,1,1  HUD 2/3
   24.2  1   24001   1000     0.0°  1,1,1,1,1  HUD 2/3
   24.6  1   24455   1000     0.0°  1,1,1,1,1  HUD 2/3
   25.0  1   25043   1000     0.0°  1,1,1,1,1  HUD 2/3
   25.5  1   25476    950     0.0°  1,1,1,1,1  HUD 2/3
   25.9  1   25876   1000     0.0°  1,1,1,1,1  HUD 2/3
   26.3  1   26306   1000     0.0°  1,1,1,1,1  HUD 2/3
   26.8  1   26752   1000     0.0°  1,1,1,1,1  HUD 2/3
   27.2  1   27324   1000     0.0°  1,1,1,1,1  HUD 2/3
   27.6  1   27856   1000     0.0°  1,1,1,1,1  HUD 2/3
   28.1  1   28299   1000     0.0°  1,1,1,1,1  HUD 2/3
   28.5  1   28728   1000     0.0°  1,1,1,1,1  HUD 2/3
   28.9  1   29160   1000     0.0°  1,1,1,1,1  HUD 2/3
   29.4  1   29601   1000     0.0°  1,1,1,1,1  HUD 2/3
   29.8  1   30033   1000     0.0°  1,1,1,1,1  HUD 2/3
   30.2  1   30486   1000     0.0°  1,1,1,1,1  HUD 2/3
   30.7  1   30938   1000     0.0°  1,1,1,1,1  HUD 2/3
   31.1  1   31371   1000     0.0°  1,1,1,1,1  HUD 2/3
   31.5  1   31808   1000     0.0°  1,1,1,1,1  HUD 2/3
   32.0  1   32242   1000     0.0°  1,1,1,1,1  HUD 2/3
   32.4  1   32764    944     4.5°  1,1,1,1,1  HUD 2/3
   32.8  1   33260   1000     0.2°  1,1,1,1,1  HUD 2/3
   33.3  1   33715   1000     0.0°  1,1,1,1,1  HUD 2/3
   33.7  1   34149   1000     0.0°  1,1,1,1,1  HUD 2/3
   34.1  1   34625   1000     0.0°  1,1,1,1,1  HUD 2/3
   34.6  1   35056   1000     0.0°  1,1,1,1,1  HUD 2/3
   35.0  1   35496   1000     0.0°  1,1,1,1,1  HUD 2/3
   35.4  1   36031    935     4.9°  1,1,1,1,1  HUD 2/3
   35.9  1   36518   1000     0.2°  1,1,1,1,1  HUD 2/3
   36.3  1   36951   1000     0.0°  1,1,1,1,1  HUD 2/3
   36.7  2   37383   1000     0.0°  1,1,1,1,1  HUD 3/3
   37.2  2   37817   1000     0.0°  1,1,1,1,1  HUD 3/3
   37.6  2   38250   1000     0.0°  1,1,1,1,1  HUD 3/3
   38.0  2   38683   1000     0.0°  1,1,1,1,1  HUD 3/3
   38.5  2   39117   1000     0.0°  1,1,1,1,1  HUD 3/3
   38.9  2   39551   1000     0.0°  1,1,1,1,1  HUD 3/3
   39.3  2   39988   1000     0.0°  1,1,1,1,1  HUD 3/3
   39.8  2   40448   1000     0.0°  1,1,1,1,1  HUD 3/3
   40.2  2   40948   1000     0.0°  1,1,1,1,1  HUD 3/3
   40.6  2   41530    941     1.3°  1,1,1,1,1  HUD 3/3
   41.1  2   41971   1000     0.0°  1,1,1,1,1  HUD 3/3
   41.5  2   42405   1000     0.0°  1,1,1,1,1  HUD 3/3
   41.9  2   42840   1000     0.0°  1,1,1,1,1  HUD 3/3
   42.4  2   43419   1000     0.0°  1,2,1,1,2  HUD 3/3
   42.8  2   43910    861     0.0°  1,2,2,2,2  HUD 3/3
   43.2  2   44287    997     0.0°  1,2,2,2,2  HUD 3/3
   43.7  2   44712   1000     0.0°  1,2,2,2,2  HUD 3/3
   44.1  2   45149   1000     0.0°  2,2,2,2,2  HUD 3/3
   44.5  2   45678    894     1.2°  2,2,2,2,2  HUD 3/3
   45.0  2   46208   1000     0.0°  2,2,2,2,2  HUD 3/3
   45.4  2   46738   1000     0.0°  2,2,2,2,2  HUD 3/3
   45.8  2   47171   1000     0.0°  2,2,2,2,2  HUD 3/3
   46.3  2   47605   1000     0.0°  2,2,2,2,2  HUD 3/3
   46.7  2   48044   1000     0.0°  2,2,2,2,2  HUD 3/3
   47.1  2   48480   1000     0.0°  2,2,2,2,2  HUD 3/3
   47.6  2   48926   1000     0.0°  2,2,2,2,2  HUD 3/3
   48.0  2   49390   1000     0.0°  2,2,2,2,2  HUD 3/3
   48.4  2   49819   1000     0.0°  2,2,2,2,2  HUD 3/3
   48.9  2   50258   1000     0.0°  2,2,2,2,2  HUD 3/3
   49.3  2   50691   1000     0.0°  2,2,2,2,2  HUD 3/3
   49.7  2   51164   1000     0.0°  2,2,2,2,2  HUD 3/3
   50.2  2   51714   1000     0.0°  2,2,2,2,2  HUD 3/3
   50.6  2   52173   1000     0.0°  2,2,2,2,2  HUD 3/3
   51.0  2   52615   1000     0.0°  2,2,2,2,2  HUD 3/3
   51.5  2   53076   1000     0.0°  2,2,2,2,2  HUD 3/3
   51.9  2   53518   1000     0.0°  2,2,2,2,2  HUD 3/3
   52.3  2   53956   1000     0.0°  2,2,2,2,2  HUD 3/3
   52.8  2   54458   1000     8.6°  2,2,2,2,2  HUD 3/3
   53.2  2   54984   1000     0.3°  2,2,2,2,2  HUD 3/3
   53.6  2   55420   1000     0.0°  2,2,2,2,2  HUD 3/3
   54.1  3   55830    750     0.0°  2,2,2,2,2  HUD 3/3
   54.5  3   56008    100     0.0°  2,2,2,2,2  HUD 3/3
   54.9  3   56011      0    90.0°  2,2,2,2,2  HUD 3/3
   55.4  3   56011      0    90.0°  2,2,2,2,2  HUD 3/3
   55.8  3   56011      0    90.0°  2,2,2,2,2  HUD 3/3
   56.2  3   56011      0    90.0°  2,2,2,2,2  HUD 3/3
   56.7  3   56011      0    90.0°  2,2,2,2,2  HUD 3/3
   57.1  3   56011      0    90.0°  2,2,2,2,2  HUD 3/3
   57.5  3   56011      0    90.0°  2,2,2,2,2  HUD 3/3
   58.0  3   56011      0    90.0°  2,2,2,2,2  HUD 3/3
   58.4  3   56011      0    90.0°  2,2,2,2,2  HUD 3/3
   58.8  3   56011      0    90.1°  2,2,2,2,2  HUD 3/3
   59.3  3   56011      0    91.9°  2,2,2,2,2  HUD 3/3
   59.7  3   56011      0   131.0°  2,2,2,2,2  HUD 3/3
   60.1  3   56011      0   177.4°  2,2,2,2,2  HUD 3/3
   60.6  3   56011      0   179.9°  2,2,2,2,2  HUD 3/3
   61.0  3   56011      0   180.0°  2,2,2,2,2  HUD 3/3
   61.4  3   56011      0   180.0°  2,2,2,2,2  HUD 3/3
   61.9  3   56011      0   180.0°  2,2,2,2,2  HUD 3/3
   62.3  3   56011      0   180.0°  2,2,2,2,2  HUD 3/3
   62.7  3   56011      0   180.0°  2,3,2,2,3  HUD 3/3
   63.2  3   56018      2    90.0°  2,3,3,3,3  HUD 3/3
   63.6  3   56018      0    90.0°  2,3,3,3,3  HUD 3/3
   64.0  3   56018      0    90.0°  2,3,3,3,3  HUD 3/3
   64.5  3   56018      0    90.0°  2,3,3,3,3  HUD 3/3
   64.9  3   56018      0    90.0°  2,3,3,3,3  HUD 3/3